1 27 0 0 1 129 1 129 1 14 0 0 1 129 0 0 0 0 1 129 1 129 1 22 1 129 0 0 1 129 1 20 1 23 1 129 0 0 1 129 0 0 1 129 0 0 1 129 1 45 1 129 1 129 0 0 1 36 0 0 0 0 1 35 1 29 0 0 1 31 1 129 0 0 0 0 1 129 1 44 0 0 0 0 1 47 0 0 1 129 0 0 0 0 1 40 0 0 1 20 0 0 0 0 1 129 1 129 1 129 0 0 1 4 0 0 1 5 1 129 1 129 0 0 1 129 1 129 0 0 1 0 1 129 0 0 0 0 1 129 1 6 1 23 0 0 1 129 0 0 0 0 1 11 0 0 1 32 1 2 0 0 1 129 1 25 1 16 0 0 1 1 0 0 0 0 1 38 1 129 0 0 1 129 1 129 1 24 1 25 0 0 0 0 1 28 0 0 0 0 1 4 1 129 0 0 1 15 0 0 1 129 0 0 1 129 1 36 1 36 0 0 0 0 1 129 1 129 1 40 0 0 0 0 1 129 1 44 1 24 1 129 1 129 1 48 0 0 0 0 1 129 1 32 0 0 0 0 
0 0 1 129 0 0 0 0 0 0 0 0 1 129 0 0 1 129 1 40 0 0 1 11 1 129 0 0 0 0 0 0 1 129 1 39 1 129 0 0 1 129 0 0 1 129 0 0 0 0 0 0 0 0 0 0 1 129 0 0 0 0 1 18 0 0 0 0 1 45 1 48 1 129 1 28 0 0 0 0 1 44 0 0 0 0 0 0 0 0 0 0 0 0 0 0 1 53 0 0 1 6 0 0 1 129 0 0 1 53 0 0 0 0 0 0 1 129 1 1 1 129 0 0 0 0 0 0 0 0 0 0 1 129 1 19 0 0 0 0 1 34 1 129 0 0 0 0 0 0 0 0 1 21 1 129 0 0 0 0 0 0 0 0 0 0 0 0 1 18 1 129 1 20 0 0 0 0 0 0 1 48 0 0 0 0 1 129 1 38 0 0 1 129 1 129 0 0 0 0 1 129 0 0 1 32 0 0 1 129 1 52 0 0 1 129 1 19 1 129 1 129 1 37 1 129 0 0 0 0 1 129 1 44 0 0 1 129 1 46 1 1 0 0 0 0 1 24 0 0 1 129 1 129 0 0 1 129 
1 8 0 0 0 0 0 0 1 129 1 12 0 0 1 23 0 0 1 129 0 0 0 0 0 0 1 129 1 46 0 0 1 129 0 0 0 0 0 0 0 0 1 129 1 129 1 129 0 0 0 0 0 0 1 129 0 0 0 0 0 0 1 129 1 129 1 129 0 0 1 44 1 129 0 0 1 129 1 48 0 0 1 40 1 38 1 30 1 129 0 0 0 0 1 12 0 0 0 0 0 0 0 0 1 14 0 0 0 0 1 129 0 0 1 129 1 12 0 0 0 0 1 54 0 0 0 0 0 0 0 0 1 9 0 0 0 0 0 0 1 26 0 0 1 129 0 0 1 129 1 12 1 129 0 0 0 0 0 0 0 0 1 129 0 0 0 0 0 0 1 20 0 0 0 0 0 0 0 0 0 0 0 0 1 25 0 0 0 0 0 0 0 0 0 0 0 0 0 0 0 0 0 0 1 27 0 0 0 0 0 0 1 129 0 0 1 129 1 52 1 15 1 129 1 20 0 0 1 13 1 129 0 0 1 45 0 0 0 0 1 48 1 48 0 0 1 129 1 45 0 0 1 52 0 0 1 16 
0 0 1 129 1 55 1 18 1 28 0 0 0 0 1 31 0 0 0 0 1 129 0 0 1 129 0 0 0 0 0 0 0 0 0 0 1 129 0 0 1 129 0 0 1 129 1 129 1 14 1 129 0 0 1 12 0 0 1 129 0 0 0 0 1 129 0 0 1 129 0 0 1 31 0 0 1 129 0 0 0 0 0 0 0 0 0 0 0 0 0 0 0 0 1 129 0 0 1 37 1 129 0 0 0 0 1 32 1 129 0 0 0 0 1 129 0 0 0 0 0 0 1 129 0 0 1 3 1 4 0 0 0 0 0 0 0 0 0 0 1 8 0 0 0 0 1 11 0 0 1 53 0 0 0 0 0 0 0 0 1 16 1 17 0 0 1 19 0 0 1 20 0 0 0 0 0 0 0 0 0 0 0 0 0 0 0 0 1 28 0 0 0 0 1 30 0 0 0 0 1 129 0 0 0 0 1 129 1 129 0 0 0 0 1 129 0 0 0 0 0 0 0 0 0 0 1 129 0 0 1 44 0 0 1 46 1 47 0 0 0 0 0 0 1 36 0 0 0 0 1 52 0 0 0 0 0 0 
1 129 0 0 1 129 0 0 0 0 1 33 0 0 1 129 0 0 1 129 1 129 0 0 0 0 0 0 1 129 0 0 0 0 0 0 1 16 0 0 0 0 1 129 1 129 0 0 1 25 1 2 0 0 0 0 0 0 0 0 1 129 1 129 0 0 1 129 0 0 1 129 0 0 1 129 0 0 1 45 1 129 0 0 1 129 0 0 0 0 1 129 1 129 0 0 0 0 0 0 1 39 0 0 1 43 0 0 1 37 0 0 1 129 1 31 0 0 1 29 0 0 0 0 1 7 0 0 1 55 0 0 0 0 0 0 0 0 1 44 0 0 1 27 1 11 1 12 0 0 0 0 1 20 1 15 1 129 1 20 1 44 0 0 1 19 1 129 1 129 1 24 1 23 1 28 0 0 0 0 1 26 1 1 0 0 1 129 0 0 1 29 1 31 1 129 1 129 0 0 1 33 1 28 0 0 1 129 0 0 0 0 1 129 0 0 1 40 1 129 1 40 1 40 0 0 1 44 0 0 1 45 0 0 1 6 1 129 0 0 0 0 0 0 0 0 1 52 1 42 0 0 0 0 1 24 0 0 
0 0 0 0 0 0 0 0 0 0 0 0 0 0 0 0 0 0 0 0 1 53 0 0 0 0 0 0 0 0 0 0 0 0 0 0 0 0 0 0 0 0 0 0 0 0 0 0 1 56 1 129 1 129 0 0 0 0 0 0 0 0 1 46 0 0 1 2 0 0 0 0 0 0 0 0 1 1 0 0 0 0 0 0 0 0 0 0 0 0 0 0 0 0 0 0 0 0 1 129 0 0 0 0 0 0 0 0 0 0 0 0 0 0 0 0 1 29 0 0 1 44 0 0 1 52 1 39 0 0 1 16 0 0 0 0 0 0 1 10 1 33 0 0 0 0 0 0 0 0 0 0 1 129 0 0 1 28 0 0 0 0 0 0 0 0 0 0 0 0 0 0 0 0 0 0 0 0 0 0 0 0 0 0 1 28 0 0 1 22 0 0 0 0 0 0 0 0 0 0 0 0 0 0 0 0 0 0 0 0 0 0 0 0 1 129 0 0 1 20 0 0 0 0 0 0 1 44 1 0 1 23 0 0 0 0 1 40 0 0 0 0 0 0 0 0 1 53 0 0 0 0 1 129 1 56 0 0 
0 0 0 0 0 0 1 16 1 129 1 129 0 0 0 0 1 129 0 0 0 0 1 36 0 0 1 25 0 0 0 0 0 0 0 0 0 0 0 0 1 129 1 129 1 129 1 53 1 129 0 0 0 0 1 129 1 129 0 0 0 0 0 0 1 129 0 0 0 0 1 32 0 0 1 10 0 0 1 40 1 32 0 0 0 0 1 129 1 129 0 0 0 0 0 0 1 3 0 0 1 2 0 0 0 0 1 129 1 129 1 129 0 0 1 56 1 2 0 0 1 129 0 0 0 0 0 0 1 4 1 8 1 8 1 36 1 129 1 129 0 0 1 12 1 4 0 0 1 15 1 129 0 0 1 17 0 0 0 0 0 0 0 0 0 0 0 0 0 0 1 19 0 0 0 0 0 0 1 24 0 0 0 0 0 0 0 0 0 0 1 129 1 129 0 0 0 0 0 0 1 129 0 0 1 56 0 0 0 0 0 0 0 0 0 0 0 0 0 0 0 0 0 0 0 0 0 0 0 0 0 0 1 129 0 0 1 49 0 0 1 51 1 52 0 0 0 0 0 0 0 0 0 0 1 44 0 0 
1 10 0 0 0 0 0 0 0 0 1 34 1 129 0 0 0 0 0 0 0 0 0 0 0 0 0 0 0 0 1 6 1 58 0 0 0 0 0 0 0 0 1 42 0 0 0 0 1 129 0 0 1 129 0 0 1 129 1 33 0 0 1 129 1 45 0 0 0 0 0 0 1 19 0 0 0 0 0 0 0 0 1 129 0 0 0 0 0 0 0 0 1 27 0 0 1 56 0 0 0 0 0 0 0 0 0 0 0 0 1 0 0 0 0 0 0 0 1 7 0 0 1 32 0 0 0 0 1 8 1 35 0 0 0 0 0 0 1 12 1 129 0 0 0 0 0 0 0 0 1 16 0 0 0 0 1 129 0 0 0 0 0 0 0 0 0 0 0 0 1 59 0 0 0 0 1 129 1 35 0 0 0 0 0 0 0 0 1 129 0 0 0 0 0 0 1 129 0 0 0 0 1 37 0 0 0 0 0 0 0 0 0 0 1 129 1 43 0 0 1 129 0 0 0 0 0 0 0 0 0 0 1 49 0 0 0 0 1 129 0 0 1 129 0 0 0 0 1 56 1 129 0 0 0 0 1 22 
0 0 1 129 0 0 0 0 1 18 1 129 1 129 0 0 1 129 1 20 1 2 1 54 0 0 1 129 0 0 1 129 1 129 1 129 0 0 0 0 1 18 0 0 0 0 1 129 0 0 1 129 1 129 1 129 0 0 0 0 0 0 1 40 1 129 1 129 0 0 0 0 0 0 0 0 0 0 0 0 0 0 0 0 0 0 0 0 0 0 0 0 0 0 1 129 1 129 1 129 1 129 0 0 0 0 1 23 0 0 0 0 1 3 1 3 0 0 0 0 1 129 0 0 1 8 1 53 1 44 1 129 1 11 0 0 0 0 0 0 0 0 1 14 1 5 1 59 1 17 0 0 1 28 0 0 0 0 0 0 1 129 1 23 0 0 0 0 0 0 0 0 1 26 0 0 0 0 0 0 0 0 0 0 1 56 0 0 1 53 0 0 1 48 0 0 1 36 0 0 0 0 1 42 1 51 1 129 0 0 1 6 1 43 1 129 1 129 0 0 1 47 1 43 1 48 1 129 1 49 1 49 0 0 0 0 0 0 0 0 1 53 0 0 1 54 0 0 1 56 0 0 0 0 0 0 1 2 
0 0 0 0 0 0 0 0 0 0 0 0 0 0 0 0 0 0 0 0 0 0 0 0 1 129 0 0 0 0 0 0 0 0 0 0 0 0 0 0 0 0 0 0 0 0 0 0 0 0 0 0 0 0 0 0 0 0 1 17 1 129 0 0 0 0 0 0 0 0 0 0 0 0 0 0 0 0 0 0 1 129 0 0 1 31 0 0 0 0 0 0 1 58 0 0 0 0 0 0 0 0 0 0 0 0 1 1 0 0 1 22 0 0 0 0 0 0 0 0 0 0 0 0 0 0 1 9 0 0 0 0 0 0 0 0 0 0 0 0 0 0 0 0 0 0 0 0 0 0 0 0 0 0 0 0 0 0 0 0 0 0 0 0 0 0 1 25 0 0 0 0 0 0 1 28 0 0 1 30 0 0 1 22 1 15 0 0 1 34 0 0 1 129 0 0 0 0 1 129 0 0 0 0 0 0 0 0 0 0 0 0 0 0 0 0 0 0 0 0 0 0 0 0 0 0 0 0 1 47 1 32 0 0 0 0 0 0 0 0 0 0 1 58 0 0 0 0 0 0 1 59 0 0 0 0 0 0 
0 0 0 0 0 0 1 35 0 0 0 0 0 0 0 0 1 3 0 0 1 50 0 0 1 129 1 129 0 0 1 29 0 0 0 0 0 0 0 0 0 0 0 0 0 0 1 14 0 0 1 36 1 7 0 0 0 0 0 0 0 0 0 0 0 0 0 0 0 0 0 0 0 0 0 0 0 0 0 0 0 0 0 0 1 22 1 36 0 0 0 0 0 0 0 0 0 0 0 0 0 0 0 0 0 0 0 0 0 0 0 0 0 0 1 5 0 0 1 129 0 0 0 0 0 0 0 0 0 0 0 0 0 0 1 129 1 129 0 0 0 0 0 0 0 0 0 0 1 19 0 0 0 0 0 0 0 0 0 0 0 0 0 0 0 0 0 0 0 0 0 0 0 0 1 129 0 0 0 0 0 0 0 0 0 0 0 0 1 12 0 0 1 129 0 0 0 0 1 39 0 0 0 0 1 41 1 42 0 0 0 0 0 0 1 129 1 129 0 0 0 0 0 0 0 0 0 0 0 0 0 0 0 0 0 0 0 0 0 0 0 0 0 0 0 0 0 0 1 59 0 0 1 42 0 0 0 0 
1 129 1 129 0 0 0 0 0 0 0 0 0 0 0 0 1 129 0 0 0 0 1 129 1 129 0 0 0 0 0 0 0 0 0 0 0 0 0 0 0 0 1 30 0 0 0 0 0 0 1 38 1 129 0 0 0 0 1 28 0 0 0 0 0 0 0 0 0 0 0 0 0 0 0 0 0 0 0 0 0 0 0 0 1 129 0 0 0 0 0 0 0 0 0 0 1 129 0 0 0 0 0 0 0 0 1 9 0 0 1 4 0 0 0 0 0 0 1 44 0 0 1 9 1 13 1 129 0 0 0 0 0 0 0 0 0 0 1 37 0 0 0 0 0 0 1 35 0 0 0 0 1 7 1 19 1 129 0 0 0 0 0 0 0 0 1 12 1 28 0 0 1 33 1 129 0 0 1 32 0 0 0 0 1 34 0 0 0 0 0 0 1 50 1 129 0 0 0 0 0 0 0 0 1 29 0 0 0 0 0 0 0 0 1 26 0 0 0 0 0 0 0 0 0 0 0 0 1 129 0 0 0 0 0 0 0 0 0 0 0 0 0 0 0 0 0 0 0 0 0 0 0 0 0 0 0 0 
1 129 0 0 1 129 1 129 1 60 0 0 0 0 0 0 1 129 0 0 1 6 0 0 1 12 1 129 0 0 1 64 1 129 1 17 1 56 0 0 1 13 1 129 1 18 0 0 1 29 0 0 0 0 1 129 1 8 1 129 1 129 1 37 1 129 1 129 1 129 0 0 0 0 1 129 0 0 1 40 1 34 1 58 1 54 0 0 0 0 1 129 0 0 1 129 0 0 1 12 0 0 1 53 1 31 0 0 0 0 1 57 1 7 1 8 1 45 0 0 1 9 0 0 1 28 0 0 1 51 1 12 1 129 0 0 0 0 1 129 0 0 0 0 1 12 0 0 1 21 1 129 1 28 1 23 1 24 1 62 1 26 1 22 1 11 1 6 1 129 1 47 1 39 0 0 1 0 1 32 0 0 1 46 0 0 1 0 1 28 1 37 1 6 0 0 1 129 1 50 1 41 0 0 1 7 0 0 1 36 1 61 1 129 1 26 1 129 1 49 1 50 1 51 1 4 0 0 1 19 0 0 1 53 0 0 1 57 1 129 0 0 1 59 0 0 1 1 1 61 0 0 1 129 1 56 0 0 
0 0 0 0 0 0 0 0 0 0 0 0 0 0 1 1 0 0 0 0 1 129 1 0 1 64 1 23 0 0 0 0 0 0 1 129 0 0 0 0 1 16 0 0 1 25 0 0 0 0 1 3 0 0 0 0 1 129 0 0 1 5 0 0 0 0 0 0 0 0 1 129 0 0 0 0 1 129 0 0 1 129 0 0 1 0 0 0 0 0 1 129 1 129 1 129 0 0 0 0 1 3 1 4 1 20 0 0 0 0 0 0 0 0 1 8 0 0 0 0 0 0 0 0 0 0 0 0 0 0 1 15 1 129 1 16 0 0 1 129 0 0 1 20 0 0 1 21 0 0 1 44 0 0 0 0 0 0 0 0 0 0 0 0 0 0 0 0 0 0 1 31 1 129 1 32 0 0 0 0 0 0 1 18 0 0 1 54 1 129 1 57 0 0 1 60 0 0 0 0 0 0 1 129 0 0 0 0 1 60 0 0 0 0 0 0 0 0 1 52 0 0 1 129 0 0 0 0 1 129 0 0 1 12 0 0 0 0 0 0 1 59 0 0 1 28 0 0 0 0 0 0 0 0 0 0 0 0 
1 129 0 0 0 0 1 129 1 129 0 0 0 0 1 129 1 129 0 0 1 129 1 0 0 0 0 0 1 129 0 0 0 0 0 0 1 129 0 0 1 129 0 0 0 0 0 0 0 0 0 0 0 0 0 0 0 0 1 10 0 0 0 0 0 0 1 129 0 0 1 45 0 0 1 129 1 12 0 0 0 0 1 129 0 0 1 129 1 129 0 0 0 0 0 0 1 63 0 0 1 48 0 0 0 0 1 129 1 49 1 48 1 8 1 55 0 0 1 38 0 0 1 12 1 13 0 0 0 0 1 129 0 0 0 0 0 0 1 20 1 129 1 20 0 0 0 0 0 0 1 24 0 0 1 65 0 0 1 129 0 0 1 6 0 0 1 30 0 0 0 0 0 0 0 0 0 0 0 0 0 0 0 0 1 62 0 0 0 0 1 66 0 0 0 0 0 0 0 0 1 44 0 0 0 0 1 129 0 0 1 64 1 129 1 129 0 0 0 0 0 0 1 52 1 52 1 54 1 129 0 0 0 0 1 9 1 23 1 37 0 0 1 17 0 0 0 0 1 129 0 0 0 0 0 0 1 36 
1 52 1 129 0 0 0 0 1 26 0 0 0 0 0 0 0 0 0 0 0 0 0 0 0 0 0 0 0 0 0 0 0 0 0 0 0 0 0 0 0 0 0 0 1 44 1 11 0 0 0 0 0 0 0 0 1 40 1 41 0 0 0 0 0 0 0 0 0 0 0 0 1 129 0 0 0 0 0 0 0 0 0 0 0 0 0 0 0 0 0 0 0 0 0 0 0 0 0 0 0 0 0 0 1 6 1 129 0 0 1 21 0 0 0 0 1 4 0 0 0 0 1 20 1 8 1 15 0 0 0 0 0 0 0 0 0 0 1 129 1 20 0 0 0 0 0 0 0 0 0 0 0 0 0 0 0 0 0 0 0 0 1 129 1 30 0 0 0 0 0 0 0 0 0 0 0 0 0 0 0 0 0 0 0 0 0 0 0 0 1 129 1 16 1 42 0 0 0 0 1 129 0 0 0 0 0 0 1 48 0 0 1 129 0 0 1 51 1 52 0 0 1 53 0 0 0 0 0 0 0 0 0 0 0 0 0 0 1 60 0 0 1 61 0 0 0 0 0 0 1 64 0 0 0 0 1 40 
0 0 0 0 1 1 0 0 0 0 0 0 1 44 1 129 0 0 1 62 1 129 1 129 0 0 1 67 1 129 1 129 0 0 0 0 0 0 1 41 1 22 0 0 1 129 0 0 1 37 1 27 1 62 0 0 1 129 1 8 1 3 0 0 0 0 0 0 1 59 0 0 0 0 1 129 1 11 0 0 0 0 0 0 1 129 1 0 0 0 0 0 1 64 0 0 1 46 0 0 0 0 0 0 1 44 1 8 0 0 1 54 1 12 1 43 1 129 1 59 1 129 0 0 0 0 0 0 1 21 0 0 1 19 1 41 0 0 0 0 0 0 0 0 0 0 0 0 1 25 1 26 0 0 0 0 0 0 1 18 0 0 1 52 1 31 0 0 1 129 1 38 0 0 0 0 0 0 1 5 0 0 0 0 1 20 0 0 1 41 1 48 0 0 1 43 1 5 0 0 0 0 1 0 1 48 1 19 1 129 0 0 0 0 1 51 0 0 1 37 1 129 1 52 0 0 0 0 0 0 1 63 0 0 1 129 0 0 1 11 1 59 1 13 0 0 1 64 1 65 1 129 1 129 1 32 0 0 
0 0 0 0 0 0 0 0 0 0 1 13 0 0 0 0 0 0 0 0 0 0 1 129 0 0 1 64 0 0 0 0 0 0 0 0 0 0 1 49 1 129 1 35 0 0 0 0 0 0 0 0 1 13 1 129 0 0 0 0 0 0 0 0 1 64 0 0 0 0 0 0 0 0 0 0 0 0 1 23 0 0 0 0 0 0 0 0 1 2 0 0 1 4 0 0 0 0 0 0 0 0 0 0 0 0 0 0 1 12 0 0 0 0 1 129 1 129 0 0 1 23 0 0 1 23 0 0 0 0 1 20 1 129 0 0 0 0 0 0 0 0 0 0 1 129 1 64 1 26 0 0 0 0 1 9 0 0 0 0 0 0 0 0 0 0 0 0 1 34 1 35 1 27 0 0 1 37 0 0 0 0 0 0 1 129 0 0 0 0 0 0 1 129 0 0 1 59 0 0 1 47 0 0 0 0 1 129 0 0 0 0 0 0 0 0 0 0 0 0 1 60 0 0 0 0 0 0 1 58 1 59 0 0 0 0 1 14 0 0 1 65 0 0 0 0 1 129 0 0 0 0 0 0 1 129 1 129 
0 0 0 0 0 0 0 0 0 0 1 40 1 129 0 0 1 129 0 0 0 0 0 0 1 61 0 0 0 0 1 129 0 0 0 0 1 69 0 0 1 129 0 0 0 0 1 129 0 0 0 0 0 0 0 0 1 129 0 0 0 0 0 0 1 45 0 0 0 0 0 0 1 129 0 0 0 0 0 0 0 0 0 0 1 129 0 0 0 0 0 0 1 4 0 0 0 0 1 7 0 0 0 0 1 129 0 0 0 0 0 0 1 20 0 0 1 43 1 15 1 129 1 129 1 17 0 0 0 0 0 0 0 0 0 0 1 6 0 0 1 24 0 0 0 0 1 32 0 0 0 0 0 0 1 29 0 0 0 0 1 32 1 17 1 31 1 9 0 0 0 0 0 0 0 0 1 52 0 0 1 32 1 32 0 0 0 0 0 0 0 0 0 0 0 0 0 0 1 40 0 0 0 0 0 0 1 129 0 0 1 52 0 0 0 0 0 0 0 0 0 0 1 16 0 0 0 0 0 0 0 0 1 47 0 0 0 0 0 0 0 0 1 27 0 0 0 0 1 129 0 0 0 0 0 0 0 0 
1 129 0 0 0 0 0 0 0 0 0 0 0 0 1 129 0 0 0 0 0 0 1 129 0 0 0 0 0 0 1 49 0 0 0 0 0 0 0 0 0 0 0 0 0 0 0 0 1 60 0 0 0 0 1 12 0 0 0 0 0 0 0 0 1 32 1 64 0 0 0 0 0 0 0 0 0 0 0 0 1 0 1 129 1 48 0 0 0 0 1 129 1 4 0 0 0 0 1 55 0 0 1 28 0 0 0 0 0 0 0 0 1 13 0 0 0 0 0 0 0 0 1 36 0 0 0 0 0 0 0 0 1 21 0 0 1 16 0 0 1 54 0 0 1 19 0 0 0 0 0 0 1 33 0 0 0 0 1 56 0 0 1 33 1 129 0 0 0 0 1 36 1 69 0 0 0 0 1 4 0 0 0 0 0 0 0 0 0 0 1 44 1 45 0 0 0 0 1 129 0 0 0 0 0 0 0 0 1 60 0 0 0 0 0 0 0 0 0 0 1 129 0 0 0 0 0 0 0 0 0 0 0 0 1 62 0 0 0 0 0 0 0 0 0 0 0 0 0 0 0 0 0 0 0 0 0 0 
1 45 1 33 0 0 0 0 1 129 1 129 0 0 0 0 1 57 1 129 1 129 1 129 0 0 1 129 0 0 0 0 1 129 0 0 0 0 1 129 1 129 1 71 1 129 1 129 0 0 1 61 1 68 0 0 1 129 1 44 1 129 0 0 1 129 1 9 1 5 1 129 0 0 0 0 1 16 0 0 1 2 1 2 0 0 1 37 1 129 0 0 1 7 1 8 1 52 0 0 1 52 0 0 1 129 1 129 1 13 1 42 1 129 1 50 0 0 1 4 1 17 1 18 1 12 1 70 1 24 1 56 0 0 1 27 1 24 1 21 1 129 1 23 0 0 1 64 1 28 1 2 1 64 1 8 1 2 0 0 1 18 1 46 1 36 1 29 1 35 1 37 0 0 1 39 1 129 1 129 1 42 1 61 1 40 0 0 0 0 1 129 1 31 0 0 1 59 0 0 1 129 1 71 1 28 0 0 0 0 1 35 1 40 1 129 1 63 0 0 0 0 1 5 1 1 1 14 0 0 1 12 1 129 1 129 1 72 1 19 0 0 1 55 1 20 0 0 1 68 1 70 1 39 1 129 1 129 
0 0 1 129 0 0 0 0 1 129 0 0 1 22 0 0 1 129 0 0 0 0 0 0 1 55 0 0 0 0 1 129 0 0 1 129 1 51 1 68 1 60 0 0 0 0 0 0 0 0 1 129 0 0 1 129 0 0 0 0 0 0 0 0 0 0 1 129 0 0 0 0 0 0 1 129 0 0 1 60 0 0 1 0 1 56 0 0 0 0 1 7 0 0 0 0 0 0 0 0 0 0 0 0 0 0 1 26 0 0 0 0 0 0 0 0 0 0 0 0 0 0 0 0 0 0 0 0 1 129 1 23 1 24 0 0 0 0 1 0 0 0 1 28 0 0 0 0 0 0 0 0 0 0 1 32 0 0 0 0 1 35 0 0 0 0 1 68 0 0 0 0 0 0 0 0 0 0 1 42 0 0 0 0 0 0 1 52 0 0 0 0 0 0 1 48 0 0 0 0 0 0 0 0 0 0 0 0 0 0 0 0 0 0 0 0 0 0 1 44 0 0 1 8 1 60 1 54 0 0 0 0 0 0 1 129 1 65 0 0 0 0 0 0 0 0 0 0 0 0 0 0 0 0 0 0 0 0 
0 0 0 0 1 30 1 36 0 0 1 16 1 28 1 129 1 129 1 129 0 0 1 36 1 129 0 0 0 0 1 25 1 1 0 0 0 0 0 0 1 60 0 0 0 0 0 0 0 0 0 0 0 0 1 129 1 47 1 129 0 0 1 48 1 8 0 0 0 0 1 67 0 0 0 0 0 0 0 0 0 0 0 0 0 0 0 0 0 0 0 0 0 0 0 0 0 0 0 0 1 56 1 12 0 0 1 14 1 129 1 42 1 20 0 0 0 0 0 0 1 129 1 129 1 21 1 3 0 0 0 0 1 129 0 0 1 24 0 0 0 0 0 0 0 0 0 0 0 0 0 0 0 0 0 0 0 0 1 68 0 0 0 0 0 0 0 0 0 0 0 0 1 20 0 0 1 42 0 0 1 29 0 0 1 8 0 0 1 129 0 0 1 32 1 129 0 0 0 0 0 0 1 129 1 129 0 0 1 55 0 0 0 0 0 0 0 0 0 0 0 0 0 0 1 129 1 129 1 55 0 0 0 0 0 0 0 0 0 0 0 0 0 0 0 0 0 0 0 0 1 72 0 0 0 0 1 65 
1 68 0 0 0 0 1 129 0 0 1 31 0 0 1 62 1 0 1 31 0 0 1 50 1 65 1 22 0 0 0 0 0 0 0 0 1 129 0 0 0 0 1 1 1 129 1 129 1 129 1 129 0 0 0 0 0 0 1 129 1 129 0 0 0 0 1 56 0 0 0 0 1 1 1 2 1 3 0 0 1 48 0 0 0 0 0 0 0 0 1 67 1 129 1 10 0 0 1 39 0 0 0 0 0 0 0 0 0 0 0 0 1 17 1 44 0 0 0 0 0 0 1 4 0 0 0 0 0 0 1 24 0 0 0 0 1 129 0 0 0 0 0 0 0 0 0 0 1 32 0 0 0 0 0 0 0 0 0 0 0 0 0 0 1 67 0 0 0 0 0 0 1 50 0 0 0 0 0 0 1 129 1 45 0 0 0 0 1 29 0 0 0 0 0 0 0 0 0 0 0 0 0 0 1 64 1 10 1 129 0 0 1 129 0 0 0 0 0 0 0 0 1 61 0 0 1 71 1 12 0 0 0 0 1 30 0 0 0 0 0 0 0 0 0 0 0 0 0 0 0 0 0 0 1 28 0 0 
0 0 1 42 1 129 0 0 1 62 0 0 0 0 0 0 1 129 1 129 0 0 1 38 1 129 1 64 1 10 1 0 0 0 1 44 1 11 1 129 1 129 0 0 0 0 1 12 0 0 1 31 1 67 1 129 1 129 1 62 1 129 0 0 0 0 0 0 1 4 1 2 1 2 1 28 0 0 0 0 0 0 1 6 0 0 0 0 0 0 0 0 0 0 1 40 1 49 0 0 1 58 1 14 0 0 1 55 1 16 0 0 0 0 0 0 0 0 1 20 0 0 0 0 0 0 0 0 0 0 0 0 1 27 1 67 1 129 0 0 0 0 0 0 1 129 0 0 0 0 1 20 0 0 1 48 0 0 0 0 1 49 1 39 0 0 0 0 1 12 0 0 0 0 0 0 0 0 0 0 0 0 1 64 1 129 1 129 1 20 0 0 1 29 0 0 0 0 1 52 1 54 0 0 0 0 1 56 0 0 1 28 0 0 1 59 0 0 1 60 0 0 1 129 1 63 0 0 1 38 0 0 1 23 1 129 1 68 0 0 1 129 1 48 1 129 1 72 0 0 1 71 1 129 0 0 0 0 
1 129 0 0 0 0 1 129 0 0 0 0 1 129 1 5 0 0 1 129 0 0 1 49 0 0 0 0 0 0 0 0 0 0 1 129 0 0 0 0 0 0 0 0 0 0 0 0 0 0 0 0 0 0 0 0 1 71 1 129 0 0 0 0 1 0 0 0 0 0 1 3 0 0 0 0 0 0 1 6 1 7 0 0 0 0 0 0 0 0 0 0 0 0 1 12 0 0 0 0 0 0 0 0 0 0 0 0 1 18 0 0 0 0 0 0 0 0 0 0 0 0 0 0 0 0 0 0 0 0 0 0 0 0 0 0 0 0 1 1 0 0 0 0 1 2 0 0 0 0 0 0 1 36 0 0 0 0 1 38 0 0 0 0 0 0 1 29 0 0 0 0 1 50 0 0 1 24 0 0 1 20 0 0 0 0 0 0 1 129 0 0 1 52 0 0 0 0 0 0 0 0 1 58 0 0 0 0 1 129 0 0 1 3 0 0 0 0 0 0 0 0 0 0 0 0 0 0 0 0 1 67 0 0 0 0 0 0 0 0 0 0 0 0 0 0 1 129 1 12 0 0 1 129 0 0 1 71 
0 0 0 0 1 129 1 129 0 0 1 129 0 0 0 0 0 0 1 2 1 129 0 0 1 129 0 0 1 22 0 0 0 0 1 129 1 129 1 129 1 51 0 0 1 129 0 0 1 129 0 0 1 129 1 36 1 129 0 0 0 0 0 0 0 0 0 0 1 13 0 0 0 0 0 0 0 0 0 0 1 61 0 0 0 0 1 10 0 0 0 0 0 0 0 0 0 0 1 15 0 0 1 12 0 0 0 0 0 0 0 0 0 0 0 0 1 49 0 0 1 0 0 0 0 0 1 129 0 0 0 0 1 60 0 0 0 0 1 63 0 0 0 0 1 33 0 0 0 0 0 0 0 0 0 0 1 8 0 0 1 40 1 0 0 0 0 0 0 0 0 0 0 0 0 0 0 0 0 0 0 0 1 48 0 0 0 0 0 0 0 0 0 0 1 129 0 0 1 72 0 0 0 0 0 0 1 58 0 0 1 2 0 0 0 0 1 60 0 0 0 0 1 64 0 0 1 56 0 0 1 66 0 0 0 0 1 70 0 0 0 0 1 129 0 0 0 0 0 0 0 0 1 57 0 0 0 0 
0 0 0 0 0 0 1 44 1 129 1 129 1 35 1 129 1 37 0 0 0 0 1 16 0 0 0 0 0 0 1 8 1 129 0 0 0 0 0 0 0 0 1 34 0 0 0 0 1 48 0 0 0 0 1 129 0 0 1 20 0 0 1 129 0 0 0 0 0 0 0 0 0 0 0 0 0 0 0 0 1 13 0 0 0 0 0 0 1 129 0 0 0 0 0 0 0 0 0 0 0 0 1 129 1 32 0 0 0 0 1 0 0 0 0 0 1 23 0 0 1 129 0 0 0 0 0 0 0 0 0 0 0 0 1 30 0 0 0 0 1 17 0 0 1 129 0 0 0 0 1 33 1 46 0 0 0 0 0 0 1 57 1 20 0 0 0 0 1 129 0 0 0 0 0 0 0 0 0 0 1 16 0 0 0 0 0 0 0 0 0 0 1 53 0 0 1 22 0 0 0 0 0 0 0 0 0 0 1 129 1 60 1 72 0 0 0 0 0 0 0 0 0 0 0 0 0 0 0 0 0 0 1 4 0 0 0 0 1 129 1 12 1 129 0 0 1 54 0 0 0 0 0 0 0 0 1 17 
0 0 1 29 1 129 1 47 1 7 0 0 0 0 1 129 1 28 0 0 1 20 1 129 1 3 1 129 1 14 1 129 1 8 0 0 1 129 0 0 1 22 1 1 0 0 0 0 2 66 1 129 0 0 0 0 1 20 0 0 0 0 1 129 0 0 0 0 0 0 0 0 1 57 1 129 0 0 1 129 0 0 0 0 1 12 1 12 1 19 0 0 1 46 1 12 1 129 0 0 1 31 1 129 1 20 1 29 0 0 1 50 0 0 1 23 1 24 1 48 0 0 1 13 1 0 0 0 0 0 0 0 1 31 1 62 0 0 0 0 1 59 0 0 1 35 1 60 1 129 0 0 1 129 1 129 1 37 0 0 0 0 1 43 1 129 0 0 1 48 0 0 1 47 0 0 0 0 1 129 0 0 1 50 0 0 1 129 1 38 0 0 0 0 1 129 1 7 1 16 1 3 1 28 1 58 0 0 0 0 1 41 1 59 1 25 1 129 0 0 0 0 0 0 1 0 0 0 1 52 1 69 0 0 0 0 0 0 0 0 1 54 1 43 0 0 1 36 1 129 0 0 1 129 1 7 1 68 
0 0 0 0 0 0 1 60 1 129 0 0 0 0 0 0 1 41 0 0 0 0 0 0 0 0 0 0 0 0 0 0 0 0 1 129 0 0 1 129 0 0 0 0 0 0 0 0 0 0 0 0 1 0 1 32 0 0 0 0 0 0 0 0 0 0 0 0 1 6 0 0 0 0 1 129 1 45 0 0 0 0 1 33 0 0 0 0 1 68 0 0 0 0 0 0 0 0 0 0 1 52 1 60 0 0 0 0 1 22 0 0 0 0 1 129 0 0 1 26 1 59 0 0 1 60 0 0 0 0 0 0 0 0 0 0 0 0 0 0 1 23 0 0 1 46 0 0 0 0 1 44 0 0 0 0 0 0 1 6 1 129 1 44 1 60 1 20 0 0 0 0 0 0 1 129 0 0 0 0 0 0 0 0 0 0 0 0 0 0 0 0 1 45 0 0 0 0 0 0 1 129 1 54 1 129 1 37 1 129 1 63 0 0 0 0 0 0 1 66 0 0 1 39 0 0 1 129 0 0 0 0 0 0 0 0 0 0 0 0 0 0 1 51 0 0 1 129 0 0 1 44 0 0 1 24 0 0 
0 0 1 0 1 5 0 0 0 0 0 0 0 0 0 0 0 0 0 0 1 65 1 44 0 0 1 129 0 0 0 0 0 0 0 0 0 0 0 0 0 0 1 10 0 0 0 0 0 0 0 0 0 0 0 0 0 0 0 0 0 0 0 0 1 5 0 0 0 0 1 8 0 0 0 0 0 0 0 0 0 0 0 0 1 13 0 0 1 13 0 0 1 129 0 0 0 0 0 0 0 0 0 0 0 0 0 0 0 0 0 0 0 0 1 25 0 0 0 0 0 0 0 0 0 0 0 0 0 0 0 0 1 32 1 62 0 0 0 0 1 16 0 0 0 0 0 0 0 0 0 0 0 0 0 0 0 0 1 43 0 0 0 0 0 0 1 46 0 0 0 0 0 0 0 0 1 129 0 0 0 0 0 0 1 129 1 25 0 0 0 0 0 0 0 0 0 0 0 0 1 27 0 0 0 0 0 0 0 0 1 53 0 0 0 0 0 0 0 0 0 0 1 68 0 0 0 0 0 0 0 0 0 0 0 0 0 0 0 0 0 0 0 0 0 0 0 0 0 0 0 0 1 50 0 0 1 129 
0 0 0 0 0 0 0 0 0 0 0 0 0 0 1 0 1 129 0 0 0 0 0 0 0 0 0 0 1 37 1 59 0 0 0 0 0 0 0 0 0 0 1 13 0 0 0 0 1 56 0 0 0 0 0 0 1 3 0 0 1 28 0 0 1 30 1 49 0 0 1 8 1 31 0 0 0 0 1 12 0 0 1 13 0 0 0 0 0 0 0 0 1 17 0 0 0 0 1 20 0 0 0 0 0 0 1 19 0 0 0 0 1 14 1 26 1 15 1 28 0 0 0 0 0 0 0 0 0 0 0 0 0 0 0 0 0 0 0 0 0 0 0 0 0 0 1 57 0 0 0 0 0 0 0 0 0 0 0 0 1 44 1 45 0 0 0 0 0 0 0 0 0 0 0 0 0 0 0 0 0 0 0 0 0 0 0 0 0 0 0 0 1 0 0 0 0 0 0 0 0 0 0 0 0 0 0 0 0 0 1 64 0 0 0 0 1 17 0 0 0 0 0 0 0 0 0 0 0 0 0 0 0 0 1 8 0 0 1 29 0 0 0 0 0 0 0 0 0 0 0 0 0 0 0 0 1 11 
1 0 0 0 0 0 1 70 1 129 1 129 1 129 0 0 1 58 1 64 1 4 1 4 1 32 0 0 0 0 1 129 0 0 1 129 0 0 1 20 1 129 1 129 0 0 0 0 1 1 1 1 1 129 0 0 1 4 1 5 1 129 1 129 1 129 1 60 1 38 1 129 1 129 1 72 1 21 1 4 0 0 1 7 1 17 1 16 1 129 0 0 1 18 1 129 1 7 1 21 1 53 1 23 1 23 1 29 0 0 1 25 0 0 1 129 1 14 1 43 1 30 0 0 1 31 0 0 0 0 1 129 0 0 1 50 1 129 0 0 1 38 1 56 1 43 1 129 1 129 1 41 1 129 0 0 1 39 1 45 1 24 1 129 1 29 1 48 1 129 1 47 0 0 1 129 1 52 1 48 1 55 1 47 1 55 0 0 1 57 1 28 1 52 0 0 1 129 0 0 1 12 1 48 1 52 1 64 0 0 0 0 0 0 1 67 0 0 0 0 0 0 1 129 1 129 0 0 1 38 1 33 0 0 1 129 1 62 1 51 1 129 1 129 1 129 1 129 1 9 0 0 0 0 1 16 1 58 
0 0 0 0 0 0 1 33 0 0 0 0 0 0 0 0 0 0 0 0 0 0 1 52 0 0 1 15 1 59 0 0 0 0 0 0 1 69 0 0 0 0 0 0 0 0 0 0 0 0 0 0 1 129 0 0 0 0 0 0 0 0 0 0 0 0 0 0 0 0 1 129 0 0 0 0 0 0 0 0 1 129 1 15 0 0 0 0 1 28 0 0 1 129 0 0 0 0 0 0 1 65 1 51 1 39 1 44 0 0 1 58 0 0 1 16 1 67 0 0 0 0 0 0 0 0 0 0 0 0 1 32 0 0 0 0 0 0 0 0 0 0 1 40 0 0 1 22 0 0 1 43 1 44 1 44 0 0 0 0 1 43 1 48 0 0 0 0 0 0 0 0 0 0 1 52 0 0 1 44 0 0 0 0 0 0 0 0 0 0 0 0 0 0 0 0 0 0 0 0 0 0 0 0 0 0 0 0 0 0 0 0 0 0 0 0 0 0 0 0 0 0 0 0 0 0 0 0 0 0 1 60 0 0 0 0 1 129 0 0 0 0 1 129 1 48 0 0 1 129 0 0 0 0 0 0 0 0 
1 129 1 129 1 48 0 0 1 129 0 0 0 0 0 0 0 0 0 0 0 0 0 0 0 0 1 42 0 0 0 0 0 0 0 0 0 0 0 0 0 0 0 0 1 1 0 0 0 0 0 0 0 0 1 70 1 129 0 0 1 5 1 43 0 0 1 10 0 0 0 0 0 0 0 0 1 14 0 0 0 0 0 0 0 0 0 0 0 0 0 0 0 0 0 0 0 0 0 0 0 0 0 0 0 0 0 0 1 71 0 0 1 28 1 33 0 0 0 0 1 32 0 0 0 0 1 69 0 0 0 0 0 0 0 0 1 129 0 0 0 0 0 0 0 0 0 0 0 0 0 0 0 0 0 0 0 0 0 0 1 46 0 0 0 0 1 129 1 51 0 0 0 0 0 0 0 0 0 0 0 0 0 0 0 0 0 0 0 0 1 16 1 129 1 64 0 0 0 0 0 0 0 0 0 0 0 0 0 0 1 56 1 68 0 0 0 0 0 0 1 39 0 0 0 0 0 0 0 0 0 0 0 0 0 0 0 0 0 0 1 129 0 0 0 0 1 51 1 55 0 0 0 0 1 129 0 0 
0 0 1 129 1 18 0 0 0 0 0 0 0 0 0 0 0 0 1 9 0 0 0 0 0 0 0 0 0 0 1 129 1 13 0 0 0 0 0 0 0 0 0 0 0 0 1 3 0 0 1 129 0 0 1 64 0 0 0 0 0 0 0 0 1 36 0 0 0 0 0 0 0 0 0 0 0 0 0 0 0 0 0 0 0 0 0 0 0 0 0 0 1 32 0 0 0 0 0 0 0 0 0 0 0 0 0 0 0 0 0 0 1 129 0 0 0 0 0 0 0 0 0 0 0 0 0 0 0 0 1 45 0 0 0 0 0 0 0 0 1 12 0 0 0 0 1 43 0 0 0 0 0 0 0 0 1 26 0 0 0 0 1 6 0 0 0 0 1 34 1 52 0 0 0 0 1 55 0 0 0 0 0 0 1 58 0 0 0 0 1 32 0 0 0 0 0 0 1 64 1 62 1 65 0 0 0 0 0 0 0 0 0 0 0 0 1 2 0 0 0 0 0 0 0 0 0 0 0 0 0 0 0 0 0 0 0 0 1 68 0 0 0 0 0 0 1 129 1 66 0 0 0 0 0 0 0 0 
1 129 0 0 1 66 1 32 0 0 0 0 1 6 1 27 1 71 1 129 1 48 0 0 1 129 1 129 1 129 1 63 1 129 1 45 1 0 1 6 1 129 1 40 1 3 1 4 0 0 0 0 1 0 1 7 1 67 1 24 1 129 0 0 1 40 1 52 0 0 1 12 0 0 0 0 1 4 1 16 0 0 0 0 1 129 1 36 1 21 0 0 1 129 1 129 1 24 1 24 0 0 0 0 0 0 1 59 0 0 1 29 1 22 1 33 0 0 0 0 0 0 1 2 0 0 1 36 0 0 0 0 1 38 1 43 1 129 0 0 1 50 0 0 1 38 0 0 1 47 0 0 1 46 1 47 0 0 1 49 1 129 1 51 0 0 1 129 1 52 0 0 0 0 1 56 1 56 0 0 1 46 0 0 1 129 1 11 1 0 1 62 1 62 1 129 0 0 0 0 1 71 1 129 1 22 1 68 1 4 0 0 1 129 1 129 0 0 0 0 1 34 1 41 0 0 1 45 1 129 1 129 1 129 0 0 1 129 1 129 0 0 1 11 1 129 1 129 1 23 1 129 1 8 1 129 1 129 
0 0 0 0 0 0 1 129 1 129 0 0 1 0 0 0 0 0 0 0 0 0 0 0 0 0 0 0 0 0 0 0 0 0 0 0 1 6 0 0 0 0 0 0 0 0 0 0 0 0 0 0 0 0 0 0 0 0 0 0 0 0 0 0 1 40 0 0 0 0 1 15 1 52 0 0 0 0 0 0 1 57 0 0 1 30 0 0 0 0 0 0 0 0 1 26 0 0 0 0 1 48 0 0 0 0 0 0 0 0 1 66 0 0 1 32 0 0 0 0 0 0 0 0 0 0 1 37 0 0 0 0 1 40 0 0 0 0 1 1 1 43 1 68 1 12 0 0 1 46 0 0 1 129 0 0 0 0 0 0 1 22 0 0 1 7 0 0 0 0 0 0 0 0 1 129 0 0 0 0 0 0 0 0 0 0 1 42 0 0 0 0 0 0 1 15 1 65 0 0 0 0 1 4 0 0 0 0 0 0 0 0 0 0 0 0 1 129 0 0 0 0 1 129 0 0 0 0 0 0 1 129 1 23 0 0 1 49 0 0 0 0 0 0 0 0 0 0 1 129 1 6 1 31 0 0 0 0 
0 0 1 8 1 30 1 129 0 0 1 129 0 0 1 58 1 129 0 0 1 14 0 0 0 0 1 64 1 129 1 65 1 129 0 0 1 129 1 3 1 4 1 129 1 31 0 0 0 0 1 129 1 26 0 0 1 16 0 0 1 33 1 12 0 0 1 129 0 0 0 0 1 129 1 68 0 0 1 66 0 0 1 20 1 60 0 0 0 0 1 24 1 7 0 0 0 0 0 0 0 0 0 0 0 0 1 11 0 0 1 32 0 0 1 33 1 46 0 0 1 129 1 36 1 129 0 0 0 0 0 0 1 67 0 0 0 0 1 129 1 129 0 0 0 0 0 0 0 0 0 0 0 0 1 15 1 129 1 10 1 129 0 0 0 0 0 0 1 36 0 0 0 0 0 0 0 0 0 0 0 0 1 129 1 129 0 0 1 129 1 129 1 129 1 129 0 0 0 0 1 68 0 0 1 69 0 0 0 0 1 129 0 0 1 129 0 0 0 0 1 129 1 129 0 0 0 0 0 0 0 0 1 129 0 0 0 0 0 0 0 0 1 2 0 0 1 129 0 0 1 35 0 0 1 40 0 0 
1 129 0 0 1 129 1 129 1 70 0 0 0 0 1 57 0 0 0 0 1 28 0 0 1 129 0 0 1 30 0 0 0 0 0 0 1 129 0 0 1 63 0 0 0 0 0 0 0 0 0 0 0 0 0 0 0 0 0 0 1 12 0 0 0 0 0 0 0 0 0 0 1 129 1 54 0 0 0 0 0 0 0 0 0 0 0 0 1 129 0 0 1 70 1 28 0 0 0 0 1 129 0 0 0 0 0 0 1 61 0 0 0 0 0 0 0 0 0 0 0 0 1 37 1 38 1 7 0 0 0 0 0 0 0 0 0 0 0 0 0 0 1 129 0 0 0 0 0 0 1 60 0 0 0 0 1 65 1 9 0 0 0 0 1 40 0 0 0 0 0 0 0 0 0 0 1 59 0 0 1 129 0 0 0 0 0 0 1 64 1 12 0 0 0 0 0 0 0 0 0 0 0 0 0 0 0 0 1 31 0 0 0 0 1 39 1 129 0 0 0 0 1 129 0 0 1 129 0 0 1 32 1 41 0 0 1 4 0 0 0 0 0 0 0 0 0 0 0 0 0 0 1 32 0 0 1 129 
1 10 1 36 1 129 1 15 0 0 0 0 0 0 0 0 0 0 1 129 0 0 1 14 0 0 0 0 0 0 0 0 0 0 0 0 1 24 1 129 1 129 1 66 0 0 0 0 0 0 1 21 1 129 1 129 0 0 1 129 1 3 1 14 1 129 0 0 1 20 0 0 0 0 0 0 0 0 0 0 1 129 0 0 0 0 1 55 1 36 0 0 1 68 0 0 0 0 1 53 1 29 0 0 0 0 1 7 1 8 1 44 0 0 0 0 0 0 1 52 1 38 0 0 1 129 0 0 1 63 0 0 1 129 1 27 1 41 0 0 0 0 0 0 1 70 1 129 1 129 1 14 1 18 1 52 0 0 0 0 1 53 1 129 1 56 0 0 1 57 0 0 0 0 0 0 0 0 0 0 1 12 1 49 1 2 0 0 1 28 1 16 1 44 1 129 1 5 0 0 1 42 1 12 1 71 1 129 0 0 1 72 0 0 1 129 0 0 0 0 1 34 1 30 1 32 1 129 0 0 0 0 1 129 1 129 0 0 1 31 1 129 1 32 1 57 1 39 0 0 1 129 0 0 1 40 1 64 
0 0 1 129 0 0 1 33 0 0 0 0 0 0 0 0 0 0 1 129 0 0 0 0 0 0 0 0 0 0 0 0 0 0 1 4 0 0 0 0 0 0 0 0 1 8 1 49 0 0 1 46 0 0 0 0 0 0 1 52 0 0 1 71 0 0 0 0 0 0 0 0 1 129 1 2 0 0 0 0 0 0 1 35 1 129 0 0 0 0 0 0 0 0 1 129 0 0 1 32 0 0 0 0 0 0 0 0 1 44 0 0 0 0 0 0 0 0 1 6 0 0 1 24 0 0 0 0 0 0 0 0 0 0 1 44 1 45 0 0 0 0 0 0 1 48 1 129 0 0 0 0 0 0 1 52 0 0 0 0 0 0 0 0 0 0 0 0 0 0 0 0 1 55 0 0 0 0 0 0 0 0 0 0 1 13 0 0 0 0 0 0 0 0 0 0 0 0 0 0 0 0 1 129 0 0 0 0 1 129 1 5 1 129 0 0 0 0 0 0 1 48 1 51 0 0 0 0 0 0 0 0 0 0 0 0 0 0 0 0 0 0 0 0 1 2 0 0 0 0 0 0 0 0 0 0 1 129 
0 0 1 69 0 0 0 0 1 16 0 0 1 8 1 40 0 0 0 0 0 0 0 0 0 0 0 0 1 3 1 4 0 0 0 0 0 0 1 36 0 0 0 0 1 9 0 0 0 0 0 0 0 0 0 0 1 129 0 0 0 0 1 129 1 44 0 0 1 19 0 0 0 0 0 0 0 0 1 0 0 0 0 0 1 129 1 26 1 27 0 0 0 0 0 0 0 0 1 31 0 0 0 0 0 0 0 0 0 0 0 0 1 129 1 16 0 0 0 0 1 14 0 0 1 41 0 0 0 0 0 0 0 0 0 0 0 0 0 0 0 0 0 0 0 0 0 0 1 51 1 129 0 0 0 0 0 0 0 0 1 129 0 0 0 0 1 64 0 0 0 0 0 0 0 0 0 0 1 53 0 0 0 0 0 0 1 20 0 0 0 0 0 0 0 0 0 0 0 0 1 59 0 0 0 0 0 0 0 0 0 0 0 0 1 129 1 129 0 0 1 32 1 129 1 129 1 65 1 129 0 0 1 129 1 129 1 129 1 36 1 129 0 0 0 0 0 0 1 129 0 0 0 0 0 0 0 0 
1 2 1 129 0 0 1 61 0 0 0 0 1 129 1 16 0 0 0 0 1 129 1 46 0 0 0 0 1 129 1 4 1 5 1 129 0 0 0 0 0 0 0 0 1 17 1 4 0 0 1 12 0 0 0 0 0 0 0 0 0 0 1 129 1 67 1 19 0 0 0 0 1 53 0 0 0 0 0 0 2 75 0 0 0 0 1 7 0 0 0 0 0 0 0 0 1 56 0 0 0 0 0 0 0 0 0 0 0 0 0 0 0 0 1 129 1 17 0 0 0 0 0 0 0 0 0 0 0 0 1 44 0 0 1 19 0 0 1 48 0 0 0 0 0 0 0 0 1 52 0 0 0 0 0 0 0 0 0 0 0 0 0 0 1 58 0 0 1 34 1 129 0 0 0 0 0 0 0 0 0 0 1 26 1 54 0 0 0 0 1 24 1 129 1 129 0 0 0 0 1 129 1 129 1 7 0 0 0 0 1 129 0 0 0 0 1 129 1 129 0 0 1 35 0 0 0 0 0 0 0 0 0 0 0 0 0 0 0 0 0 0 0 0 1 129 1 17 0 0 0 0 1 69 1 70 0 0 
0 0 0 0 0 0 1 129 0 0 0 0 1 129 1 129 1 0 1 43 1 40 0 0 0 0 0 0 0 0 0 0 1 60 1 20 1 43 1 14 1 12 0 0 0 0 1 61 1 51 0 0 1 61 1 15 0 0 0 0 0 0 1 19 0 0 1 34 1 129 1 37 1 129 1 23 0 0 0 0 0 0 0 0 0 0 0 0 0 0 0 0 1 24 1 32 1 57 1 33 0 0 1 35 1 129 2 72 1 40 1 16 1 39 1 56 1 40 0 0 1 129 0 0 1 129 1 129 1 44 1 18 1 129 1 48 1 48 1 61 1 17 0 0 1 36 1 52 1 71 1 36 1 6 1 13 1 56 0 0 1 129 0 0 0 0 1 15 1 15 1 61 1 129 1 54 1 64 0 0 0 0 1 53 1 129 1 68 1 129 1 38 0 0 1 129 0 0 1 68 1 129 0 0 1 129 1 32 1 1 1 20 1 129 1 18 1 129 1 4 1 129 1 57 0 0 1 129 1 28 1 129 1 129 1 60 0 0 0 0 1 28 1 129 1 28 0 0 0 0 1 129 1 26 1 129 1 129 
0 0 0 0 0 0 1 129 0 0 0 0 0 0 1 129 0 0 1 1 1 129 0 0 1 56 1 129 1 6 0 0 0 0 1 8 0 0 0 0 1 11 0 0 1 14 0 0 0 0 0 0 0 0 0 0 0 0 0 0 0 0 1 20 1 20 1 4 0 0 1 25 0 0 0 0 1 40 0 0 0 0 0 0 0 0 0 0 0 0 0 0 0 0 1 32 1 33 0 0 0 0 1 0 1 24 0 0 0 0 0 0 0 0 0 0 0 0 0 0 0 0 1 6 1 4 0 0 1 129 1 44 0 0 0 0 0 0 0 0 1 32 0 0 1 129 0 0 0 0 1 55 0 0 1 129 0 0 0 0 0 0 0 0 1 3 1 45 0 0 0 0 0 0 0 0 0 0 0 0 0 0 0 0 0 0 1 68 0 0 1 51 0 0 0 0 1 12 0 0 0 0 0 0 1 58 0 0 0 0 0 0 0 0 0 0 0 0 1 48 0 0 1 129 0 0 1 64 0 0 0 0 1 0 0 0 1 129 1 66 0 0 0 0 0 0 1 129 1 52 0 0 0 0 1 14 1 32 
0 0 0 0 0 0 0 0 0 0 0 0 0 0 1 5 0 0 1 129 0 0 0 0 0 0 0 0 1 7 0 0 0 0 0 0 0 0 0 0 0 0 0 0 0 0 1 129 0 0 1 14 1 16 0 0 0 0 0 0 1 129 1 129 0 0 0 0 0 0 0 0 0 0 1 10 0 0 0 0 0 0 0 0 0 0 1 12 1 53 1 24 0 0 0 0 0 0 0 0 1 69 0 0 0 0 0 0 1 40 0 0 1 53 0 0 0 0 0 0 0 0 0 0 0 0 1 60 0 0 0 0 1 20 0 0 1 129 0 0 1 52 0 0 0 0 0 0 1 20 1 0 1 56 0 0 1 129 0 0 0 0 0 0 0 0 0 0 0 0 0 0 0 0 0 0 0 0 0 0 0 0 1 4 0 0 0 0 0 0 0 0 1 68 0 0 0 0 0 0 0 0 0 0 0 0 0 0 0 0 1 19 0 0 0 0 0 0 1 8 0 0 0 0 0 0 0 0 0 0 0 0 0 0 0 0 0 0 1 45 1 62 0 0 0 0 0 0 0 0 1 64 0 0 0 0 1 129 
0 0 0 0 0 0 0 0 0 0 1 52 1 1 0 0 0 0 0 0 1 64 0 0 0 0 0 0 0 0 0 0 0 0 0 0 1 70 0 0 1 129 0 0 0 0 0 0 0 0 0 0 1 17 0 0 0 0 0 0 0 0 0 0 0 0 1 129 0 0 0 0 0 0 0 0 1 129 0 0 0 0 1 52 1 30 1 59 0 0 0 0 1 129 1 23 1 54 0 0 0 0 0 0 0 0 0 0 0 0 0 0 0 0 1 60 1 43 0 0 0 0 0 0 0 0 0 0 0 0 0 0 1 50 0 0 0 0 1 52 1 2 0 0 1 129 1 65 1 32 0 0 1 4 0 0 0 0 1 19 0 0 0 0 1 129 0 0 1 64 1 56 0 0 0 0 0 0 1 68 0 0 0 0 1 70 0 0 0 0 0 0 0 0 0 0 1 64 0 0 0 0 0 0 0 0 0 0 0 0 0 0 0 0 1 60 0 0 0 0 1 129 1 0 0 0 1 1 0 0 0 0 0 0 1 129 0 0 0 0 1 129 0 0 0 0 0 0 0 0 0 0 0 0 0 0 1 129 
1 129 1 36 0 0 0 0 1 0 1 20 0 0 1 3 1 4 1 60 0 0 1 47 1 41 1 129 1 23 1 59 0 0 0 0 1 54 1 13 1 13 0 0 1 65 1 59 1 32 1 18 1 5 1 45 1 129 1 21 1 129 1 22 1 129 0 0 0 0 0 0 1 8 0 0 0 0 0 0 1 30 1 31 1 26 1 129 1 47 0 0 1 129 1 21 0 0 1 36 0 0 1 38 1 36 0 0 0 0 0 0 1 50 0 0 1 10 0 0 1 7 0 0 0 0 0 0 0 0 1 129 1 129 1 51 0 0 1 53 1 39 1 54 0 0 0 0 0 0 1 3 1 43 0 0 1 129 1 50 0 0 0 0 1 64 0 0 1 57 1 129 0 0 1 17 1 129 1 1 1 28 1 20 0 0 1 129 0 0 1 15 1 1 1 129 0 0 1 37 1 64 1 129 0 0 0 0 0 0 1 23 1 129 0 0 0 0 0 0 1 129 0 0 1 129 1 129 0 0 1 129 0 0 0 0 0 0 0 0 1 51 1 27 1 129 1 20 0 0 0 0 0 0 1 64 1 129 
0 0 0 0 1 129 1 55 0 0 1 6 0 0 1 4 0 0 0 0 1 37 0 0 0 0 1 129 0 0 0 0 0 0 0 0 1 129 0 0 0 0 1 47 1 16 0 0 0 0 0 0 0 0 1 20 1 21 0 0 0 0 0 0 0 0 0 0 0 0 1 129 0 0 0 0 0 0 0 0 0 0 0 0 1 64 0 0 0 0 0 0 0 0 0 0 0 0 1 38 0 0 0 0 0 0 0 0 0 0 0 0 0 0 0 0 0 0 0 0 0 0 0 0 1 129 0 0 0 0 0 0 1 42 1 32 0 0 0 0 1 48 0 0 0 0 0 0 0 0 1 59 1 8 1 72 0 0 0 0 0 0 0 0 1 129 1 64 0 0 0 0 0 0 0 0 0 0 0 0 1 129 0 0 0 0 0 0 0 0 0 0 0 0 0 0 1 129 0 0 0 0 0 0 0 0 0 0 0 0 1 129 0 0 1 5 0 0 0 0 0 0 0 0 0 0 0 0 0 0 0 0 0 0 1 12 0 0 0 0 0 0 0 0 0 0 0 0 0 0 0 0 1 2 1 129 0 0 
0 0 0 0 0 0 1 68 1 40 1 14 0 0 0 0 0 0 0 0 0 0 0 0 0 0 0 0 0 0 0 0 0 0 1 13 0 0 1 20 0 0 0 0 1 56 1 129 0 0 0 0 0 0 1 21 0 0 0 0 0 0 0 0 0 0 0 0 0 0 0 0 0 0 0 0 1 28 0 0 0 0 1 48 0 0 1 34 0 0 1 20 0 0 0 0 1 11 0 0 0 0 0 0 0 0 0 0 1 2 1 44 0 0 1 62 0 0 0 0 0 0 0 0 0 0 0 0 0 0 0 0 1 16 0 0 0 0 0 0 0 0 0 0 0 0 0 0 1 66 1 14 0 0 0 0 0 0 0 0 0 0 0 0 1 129 1 129 0 0 0 0 0 0 1 0 0 0 0 0 0 0 0 0 1 44 0 0 0 0 1 129 0 0 1 63 0 0 0 0 0 0 0 0 0 0 0 0 0 0 0 0 0 0 0 0 1 129 0 0 0 0 1 53 0 0 0 0 0 0 0 0 0 0 0 0 0 0 0 0 0 0 0 0 0 0 1 44 1 129 0 0 0 0 0 0 1 129 
0 0 0 0 0 0 0 0 0 0 0 0 1 34 1 129 0 0 0 0 1 129 1 9 0 0 0 0 1 12 0 0 0 0 0 0 1 129 0 0 0 0 0 0 0 0 0 0 0 0 0 0 1 46 0 0 1 8 0 0 0 0 0 0 0 0 1 129 0 0 0 0 1 129 0 0 0 0 0 0 1 32 1 129 0 0 0 0 0 0 1 20 0 0 0 0 1 34 1 27 0 0 0 0 1 42 0 0 0 0 0 0 0 0 0 0 0 0 0 0 0 0 0 0 0 0 0 0 1 39 1 40 1 53 0 0 0 0 0 0 0 0 1 27 0 0 1 59 1 60 1 20 1 61 0 0 0 0 0 0 1 64 1 62 0 0 1 67 0 0 1 40 0 0 1 6 0 0 0 0 0 0 1 33 0 0 0 0 1 29 1 129 1 129 0 0 0 0 0 0 1 129 0 0 0 0 0 0 0 0 0 0 0 0 0 0 1 129 0 0 0 0 1 129 1 61 0 0 0 0 1 129 1 129 0 0 0 0 0 0 1 12 0 0 1 129 0 0 0 0 1 50 0 0 1 27 0 0 
1 39 1 3 1 3 1 57 1 72 0 0 0 0 1 54 1 1 1 8 0 0 0 0 1 51 0 0 1 68 0 0 1 15 1 16 1 129 1 17 0 0 0 0 0 0 0 0 1 129 1 129 1 22 1 20 1 129 1 2 0 0 1 129 1 129 1 129 1 49 0 0 1 4 0 0 1 30 1 32 1 129 1 129 1 36 1 28 0 0 1 129 2 165 0 0 1 129 1 41 1 42 1 129 0 0 1 16 1 14 1 129 0 0 1 17 0 0 0 0 1 35 0 0 2 164 0 0 0 0 1 54 1 54 1 56 0 0 1 56 1 22 0 0 1 60 1 129 1 61 0 0 1 67 1 129 0 0 0 0 1 62 1 66 1 68 0 0 1 27 1 56 0 0 1 71 1 129 1 19 0 0 0 0 0 0 1 129 0 0 0 0 0 0 0 0 0 0 1 129 1 28 1 38 1 129 0 0 0 0 1 129 1 129 0 0 1 129 0 0 1 129 1 38 1 21 1 71 1 45 0 0 1 129 0 0 1 60 0 0 1 50 1 1 1 21 1 129 1 129 1 129 1 129 1 129 1 129 
0 0 0 0 1 48 0 0 0 0 0 0 1 129 0 0 0 0 0 0 0 0 0 0 0 0 0 0 1 14 0 0 0 0 0 0 0 0 1 129 0 0 0 0 0 0 1 18 0 0 0 0 1 44 1 24 1 25 0 0 0 0 1 38 0 0 0 0 0 0 1 129 0 0 1 56 0 0 1 34 0 0 0 0 1 21 0 0 0 0 0 0 0 0 1 40 1 63 1 51 0 0 0 0 0 0 0 0 1 45 0 0 1 129 0 0 0 0 0 0 1 129 0 0 1 31 1 129 0 0 0 0 0 0 1 56 1 57 1 58 1 49 0 0 1 41 1 12 0 0 0 0 0 0 1 32 0 0 0 0 0 0 0 0 1 68 1 129 0 0 0 0 0 0 1 129 0 0 1 129 0 0 0 0 1 129 0 0 0 0 1 66 0 0 1 129 0 0 1 129 0 0 0 0 1 70 0 0 0 0 0 0 1 56 0 0 0 0 1 129 0 0 0 0 1 5 0 0 0 0 0 0 0 0 1 129 1 129 1 36 1 69 0 0 0 0 0 0 0 0 0 0 0 0 0 0 1 53 
1 22 0 0 1 22 0 0 1 40 1 60 0 0 0 0 0 0 0 0 1 42 0 0 0 0 1 129 1 10 0 0 0 0 0 0 0 0 1 8 0 0 0 0 0 0 1 129 1 23 1 24 1 62 0 0 0 0 1 38 1 44 0 0 1 129 0 0 0 0 1 129 1 28 0 0 0 0 0 0 0 0 0 0 1 37 0 0 1 12 1 129 0 0 0 0 0 0 0 0 1 129 1 44 0 0 1 61 1 129 0 0 0 0 0 0 0 0 0 0 1 22 0 0 0 0 1 13 0 0 0 0 0 0 0 0 0 0 1 59 0 0 1 16 1 5 0 0 1 63 0 0 0 0 0 0 0 0 0 0 0 0 1 37 0 0 0 0 0 0 0 0 1 39 0 0 0 0 0 0 1 16 0 0 0 0 0 0 0 0 1 129 1 129 1 48 0 0 1 56 0 0 0 0 0 0 1 13 0 0 0 0 0 0 0 0 1 129 1 20 0 0 0 0 0 0 0 0 0 0 0 0 1 129 0 0 0 0 0 0 0 0 1 129 0 0 0 0 0 0 0 0 0 0 0 0 0 0 
0 0 0 0 0 0 0 0 0 0 0 0 1 9 0 0 0 0 0 0 0 0 0 0 1 14 0 0 1 40 0 0 0 0 0 0 0 0 1 20 0 0 0 0 0 0 0 0 1 12 0 0 0 0 0 0 1 39 1 39 0 0 1 129 0 0 1 31 0 0 0 0 0 0 0 0 0 0 0 0 0 0 0 0 0 0 1 44 0 0 1 129 1 24 0 0 0 0 0 0 0 0 0 0 0 0 0 0 0 0 0 0 0 0 0 0 1 51 1 129 0 0 0 0 1 40 0 0 1 129 0 0 0 0 1 23 0 0 0 0 0 0 0 0 1 19 0 0 0 0 0 0 0 0 0 0 0 0 0 0 0 0 0 0 0 0 0 0 1 29 1 129 0 0 0 0 1 129 0 0 0 0 0 0 0 0 0 0 1 129 1 26 0 0 0 0 0 0 1 129 0 0 0 0 0 0 0 0 0 0 0 0 0 0 0 0 0 0 0 0 1 16 1 46 0 0 0 0 0 0 0 0 0 0 0 0 0 0 1 53 0 0 0 0 1 60 0 0 0 0 0 0 0 0 1 60 1 129 
0 0 1 6 0 0 1 47 0 0 0 0 0 0 1 129 1 129 1 12 1 14 0 0 1 129 1 129 0 0 0 0 1 18 1 57 1 56 1 21 1 20 0 0 0 0 1 24 0 0 1 25 1 129 1 68 0 0 1 29 1 64 1 31 0 0 1 57 0 0 0 0 1 129 0 0 1 48 0 0 0 0 1 129 1 129 1 40 0 0 0 0 0 0 0 0 1 129 1 57 0 0 0 0 0 0 1 48 1 129 0 0 1 129 1 51 1 52 1 53 1 23 1 33 0 0 1 60 0 0 1 57 1 58 1 17 1 129 0 0 0 0 1 44 1 63 0 0 1 129 0 0 0 0 1 129 1 68 0 0 1 69 1 26 0 0 1 16 0 0 1 129 0 0 0 0 1 129 1 129 0 0 0 0 1 16 1 24 1 65 0 0 1 29 0 0 1 13 1 57 1 129 0 0 0 0 0 0 1 129 1 5 1 69 1 129 0 0 1 129 1 15 1 50 1 129 0 0 1 21 1 11 1 64 1 129 1 129 0 0 1 44 1 129 0 0 0 0 0 0 0 0 1 129 1 129 0 0 
0 0 1 28 0 0 1 129 0 0 0 0 1 12 0 0 0 0 0 0 0 0 0 0 0 0 0 0 0 0 0 0 0 0 0 0 0 0 0 0 0 0 1 24 1 48 0 0 1 36 1 61 1 129 1 25 0 0 0 0 0 0 1 12 0 0 0 0 0 0 0 0 0 0 1 32 0 0 0 0 0 0 0 0 0 0 0 0 0 0 0 0 0 0 1 45 0 0 0 0 0 0 1 129 1 44 1 129 1 50 0 0 0 0 0 0 0 0 0 0 0 0 0 0 0 0 0 0 1 58 1 129 0 0 0 0 0 0 0 0 0 0 0 0 0 0 0 0 0 0 0 0 0 0 1 21 0 0 1 65 1 16 0 0 1 68 0 0 0 0 0 0 0 0 0 0 0 0 1 14 0 0 0 0 0 0 1 22 0 0 0 0 1 60 0 0 0 0 0 0 0 0 0 0 0 0 0 0 0 0 0 0 0 0 0 0 1 129 1 51 0 0 0 0 0 0 0 0 1 34 0 0 0 0 0 0 1 46 1 12 0 0 1 68 1 65 0 0 0 0 0 0 0 0 0 0 0 0 
1 8 0 0 1 9 1 12 1 129 0 0 0 0 1 129 1 14 0 0 1 58 0 0 0 0 1 129 1 36 1 129 0 0 1 21 0 0 1 60 1 24 1 58 0 0 0 0 0 0 0 0 1 62 0 0 1 44 0 0 0 0 1 129 1 129 0 0 0 0 1 43 0 0 0 0 0 0 0 0 0 0 1 129 0 0 1 46 0 0 1 129 0 0 1 50 1 44 0 0 1 16 0 0 0 0 0 0 0 0 0 0 0 0 0 0 0 0 0 0 0 0 0 0 1 26 1 14 0 0 0 0 0 0 0 0 0 0 0 0 0 0 0 0 1 65 1 28 1 40 1 129 1 129 1 68 1 70 0 0 1 129 1 129 0 0 0 0 0 0 1 129 1 11 0 0 1 129 0 0 0 0 0 0 0 0 0 0 0 0 1 20 0 0 0 0 1 129 0 0 1 129 1 129 1 129 0 0 0 0 0 0 0 0 0 0 1 129 0 0 0 0 1 129 0 0 1 129 1 64 0 0 0 0 1 129 1 129 0 0 1 129 0 0 1 129 0 0 0 0 0 0 0 0 0 0 0 0 
0 0 0 0 1 10 0 0 0 0 0 0 1 129 0 0 1 15 0 0 0 0 0 0 1 51 1 19 0 0 0 0 0 0 0 0 1 129 1 27 0 0 0 0 0 0 0 0 1 129 1 37 0 0 0 0 0 0 1 32 0 0 0 0 1 34 1 35 1 56 0 0 1 129 0 0 0 0 1 45 0 0 1 41 1 11 1 54 1 129 0 0 0 0 0 0 0 0 0 0 1 32 0 0 1 46 1 51 0 0 0 0 1 48 0 0 0 0 0 0 1 56 0 0 0 0 0 0 1 129 1 129 0 0 1 68 1 45 0 0 1 64 1 65 0 0 0 0 0 0 0 0 0 0 1 70 0 0 1 30 1 41 0 0 0 0 0 0 0 0 0 0 0 0 0 0 0 0 1 129 0 0 1 129 0 0 0 0 0 0 0 0 1 27 0 0 1 129 0 0 0 0 1 65 1 11 1 129 0 0 1 129 1 15 1 129 0 0 1 12 0 0 0 0 0 0 0 0 0 0 1 13 1 129 0 0 0 0 0 0 1 23 0 0 1 129 0 0 0 0 1 129 1 60 0 0 1 129 
0 0 1 10 1 29 1 129 0 0 1 12 0 0 0 0 1 16 1 67 1 32 1 36 1 43 0 0 0 0 1 129 1 42 0 0 1 24 1 129 0 0 1 20 1 129 0 0 0 0 0 0 1 30 1 32 1 129 0 0 1 129 0 0 0 0 1 51 0 0 0 0 0 0 1 39 0 0 1 27 1 42 0 0 0 0 1 40 1 54 0 0 1 47 1 48 0 0 1 40 0 0 0 0 0 0 1 19 1 20 1 129 1 129 1 28 0 0 1 129 0 0 1 129 1 129 1 58 0 0 0 0 1 58 0 0 0 0 0 0 1 43 1 129 1 49 1 129 1 31 1 12 1 65 1 21 1 56 0 0 0 0 0 0 1 70 1 129 0 0 1 48 0 0 0 0 0 0 0 0 1 26 0 0 0 0 1 129 0 0 0 0 1 58 1 129 1 59 1 129 1 129 1 36 1 26 0 0 0 0 1 129 1 44 1 56 0 0 0 0 1 129 0 0 1 129 0 0 1 129 0 0 1 60 0 0 0 0 1 129 0 0 0 0 1 40 1 12 1 129 0 0 1 129 0 0 0 0 
1 68 1 13 0 0 0 0 0 0 0 0 0 0 0 0 1 16 1 18 0 0 0 0 1 129 0 0 1 129 0 0 1 52 0 0 0 0 1 56 0 0 0 0 0 0 1 54 1 43 0 0 0 0 1 32 0 0 0 0 0 0 0 0 1 129 0 0 0 0 1 129 0 0 0 0 0 0 0 0 1 129 0 0 1 44 0 0 1 32 0 0 0 0 0 0 0 0 0 0 1 45 1 52 0 0 0 0 0 0 0 0 1 56 0 0 0 0 0 0 0 0 0 0 0 0 1 61 0 0 0 0 0 0 0 0 0 0 0 0 1 17 0 0 0 0 0 0 1 129 0 0 0 0 0 0 0 0 0 0 0 0 0 0 0 0 0 0 0 0 0 0 0 0 1 129 1 129 1 39 0 0 0 0 0 0 1 129 0 0 0 0 1 129 0 0 0 0 0 0 0 0 0 0 0 0 1 47 0 0 0 0 0 0 0 0 0 0 1 43 1 129 1 129 0 0 0 0 0 0 0 0 0 0 0 0 1 52 1 41 0 0 0 0 0 0 1 129 0 0 0 0 0 0 0 0 0 0 
0 0 1 55 1 129 0 0 0 0 0 0 0 0 1 129 0 0 0 0 1 24 0 0 0 0 0 0 0 0 0 0 0 0 0 0 1 129 0 0 0 0 0 0 0 0 0 0 1 52 0 0 0 0 1 129 1 129 0 0 0 0 0 0 0 0 0 0 0 0 0 0 0 0 1 129 0 0 1 27 0 0 0 0 1 129 1 59 0 0 0 0 1 129 0 0 0 0 0 0 0 0 0 0 0 0 1 54 1 129 1 56 1 40 0 0 0 0 0 0 0 0 0 0 0 0 0 0 1 129 1 64 0 0 0 0 0 0 1 129 0 0 1 27 0 0 0 0 1 63 0 0 0 0 0 0 1 129 1 57 1 129 0 0 0 0 0 0 1 53 0 0 0 0 0 0 1 25 0 0 0 0 0 0 0 0 1 58 1 129 1 70 0 0 0 0 0 0 1 129 1 35 1 129 0 0 0 0 0 0 0 0 1 129 1 45 0 0 1 65 0 0 0 0 0 0 1 41 0 0 1 17 0 0 0 0 0 0 0 0 1 54 0 0 0 0 0 0 0 0 0 0 0 0 0 0 0 0 
0 0 1 13 0 0 0 0 0 0 0 0 0 0 1 18 0 0 0 0 0 0 0 0 1 22 0 0 0 0 0 0 1 129 0 0 0 0 1 71 0 0 0 0 1 20 1 31 1 69 0 0 0 0 0 0 0 0 0 0 0 0 0 0 0 0 0 0 0 0 0 0 0 0 0 0 0 0 0 0 0 0 0 0 0 0 0 0 0 0 1 38 0 0 0 0 1 51 0 0 0 0 0 0 0 0 0 0 0 0 0 0 0 0 1 25 0 0 0 0 0 0 0 0 1 58 0 0 0 0 0 0 0 0 1 57 0 0 0 0 1 68 0 0 0 0 0 0 0 0 0 0 0 0 0 0 0 0 0 0 0 0 0 0 0 0 0 0 0 0 0 0 0 0 0 0 0 0 0 0 0 0 0 0 0 0 0 0 0 0 0 0 0 0 0 0 0 0 0 0 0 0 0 0 1 129 0 0 0 0 0 0 0 0 0 0 1 129 0 0 1 56 0 0 0 0 0 0 0 0 0 0 1 129 0 0 0 0 0 0 1 129 0 0 0 0 1 129 0 0 0 0 0 0 1 16 0 0 
1 13 1 129 1 18 0 0 0 0 1 48 0 0 1 45 1 129 0 0 0 0 0 0 1 18 1 36 0 0 1 129 1 65 0 0 1 16 1 28 0 0 0 0 1 32 1 39 0 0 1 129 1 34 0 0 2 165 1 65 0 0 1 129 0 0 1 40 1 33 1 42 1 129 1 129 0 0 1 45 0 0 1 36 1 24 1 40 1 27 1 129 1 59 0 0 0 0 0 0 0 0 1 129 0 0 0 0 1 129 1 24 1 28 1 59 1 60 1 129 1 69 1 129 0 0 1 64 0 0 1 24 1 67 0 0 0 0 1 68 1 129 1 22 1 72 1 129 1 129 0 0 1 44 0 0 0 0 1 129 0 0 1 129 1 129 1 129 1 27 0 0 1 43 0 0 1 129 0 0 1 129 0 0 0 0 1 129 1 129 1 21 0 0 0 0 1 129 0 0 0 0 1 129 1 29 1 29 0 0 1 129 0 0 0 0 1 129 1 55 1 40 1 129 1 129 1 44 0 0 1 129 1 129 1 23 1 47 0 0 1 16 1 129 0 0 0 0 1 129 1 129 0 0 1 129 1 129 
0 0 1 16 1 129 0 0 1 19 0 0 0 0 0 0 1 20 1 22 1 68 0 0 1 129 0 0 1 129 0 0 1 48 0 0 0 0 0 0 0 0 0 0 0 0 1 33 0 0 0 0 1 129 0 0 0 0 1 129 0 0 1 23 0 0 1 20 0 0 0 0 1 46 0 0 0 0 0 0 1 129 0 0 0 0 0 0 1 16 0 0 1 129 1 52 1 38 0 0 1 55 0 0 0 0 0 0 1 47 1 59 0 0 1 24 1 129 1 129 1 24 1 64 0 0 0 0 1 129 0 0 1 129 1 36 0 0 0 0 0 0 0 0 1 72 0 0 1 129 0 0 0 0 0 0 1 129 0 0 0 0 1 129 0 0 0 0 0 0 1 50 1 32 1 129 0 0 0 0 1 129 0 0 0 0 0 0 0 0 0 0 0 0 0 0 1 129 0 0 0 0 1 129 1 129 1 58 1 129 0 0 0 0 0 0 0 0 0 0 0 0 1 22 0 0 1 129 1 129 0 0 1 38 0 0 1 129 1 18 0 0 0 0 1 129 0 0 1 129 0 0 1 129 1 44 1 129 
0 0 0 0 0 0 0 0 0 0 1 17 0 0 0 0 1 48 1 129 0 0 0 0 0 0 1 60 0 0 0 0 1 28 0 0 0 0 1 129 1 129 0 0 0 0 0 0 0 0 0 0 0 0 0 0 0 0 1 32 1 129 0 0 0 0 0 0 0 0 1 129 0 0 0 0 0 0 0 0 0 0 0 0 0 0 0 0 0 0 1 129 0 0 0 0 1 48 0 0 0 0 0 0 1 129 0 0 0 0 0 0 0 0 0 0 0 0 0 0 0 0 0 0 0 0 0 0 0 0 1 52 0 0 1 69 0 0 1 28 0 0 0 0 0 0 0 0 0 0 1 129 0 0 0 0 0 0 0 0 0 0 0 0 0 0 0 0 1 37 0 0 0 0 0 0 1 16 0 0 0 0 0 0 0 0 1 129 1 129 0 0 0 0 0 0 0 0 0 0 0 0 1 129 0 0 0 0 0 0 0 0 0 0 0 0 0 0 0 0 0 0 0 0 1 129 0 0 0 0 1 60 0 0 0 0 1 129 0 0 0 0 0 0 0 0 0 0 0 0 0 0 0 0 1 129 0 0 
0 0 0 0 0 0 0 0 0 0 1 44 1 129 1 129 1 24 0 0 1 129 1 129 0 0 0 0 1 36 0 0 1 29 0 0 1 31 1 20 0 0 0 0 0 0 1 27 0 0 0 0 1 129 0 0 0 0 0 0 0 0 0 0 0 0 0 0 0 0 1 44 0 0 0 0 0 0 1 17 0 0 0 0 0 0 0 0 1 129 0 0 0 0 0 0 0 0 1 129 0 0 0 0 0 0 1 59 0 0 0 0 0 0 0 0 0 0 0 0 0 0 1 18 0 0 0 0 0 0 0 0 0 0 0 0 0 0 0 0 0 0 1 129 0 0 0 0 0 0 0 0 0 0 0 0 0 0 0 0 0 0 1 129 0 0 0 0 0 0 1 129 0 0 0 0 1 129 0 0 0 0 0 0 1 129 0 0 1 42 0 0 0 0 1 129 0 0 0 0 0 0 0 0 0 0 0 0 0 0 0 0 1 40 0 0 1 129 0 0 0 0 0 0 0 0 0 0 1 58 0 0 0 0 0 0 1 129 1 129 1 57 0 0 0 0 1 129 1 52 1 129 0 0 1 68 0 0 
0 0 1 129 0 0 1 129 1 65 0 0 0 0 1 47 0 0 1 129 1 25 0 0 1 27 1 28 0 0 1 28 1 129 0 0 0 0 0 0 0 0 1 35 0 0 1 36 0 0 1 38 0 0 0 0 0 0 0 0 1 42 0 0 1 71 0 0 0 0 1 28 1 47 1 129 1 129 0 0 1 50 0 0 1 52 1 52 0 0 0 0 1 129 0 0 0 0 0 0 1 48 1 129 1 60 1 129 1 129 1 129 1 63 1 38 0 0 0 0 1 65 1 38 0 0 1 70 1 129 1 59 1 129 0 0 1 129 0 0 1 129 0 0 0 0 1 47 1 25 1 129 1 129 1 129 0 0 0 0 0 0 0 0 1 129 1 62 1 129 1 34 0 0 0 0 1 129 1 129 1 32 0 0 0 0 1 54 0 0 0 0 0 0 1 129 1 129 0 0 0 0 0 0 1 28 1 129 1 25 1 18 0 0 1 20 1 129 1 38 0 0 0 0 0 0 0 0 1 129 1 33 0 0 0 0 1 61 1 32 1 129 0 0 1 129 0 0 0 0 1 129 1 129 1 129 1 129 
0 0 0 0 1 20 0 0 1 22 0 0 0 0 0 0 1 129 1 65 0 0 0 0 0 0 0 0 0 0 0 0 0 0 0 0 0 0 1 129 0 0 0 0 0 0 0 0 1 38 1 129 0 0 0 0 0 0 0 0 0 0 0 0 0 0 0 0 0 0 0 0 0 0 1 41 0 0 0 0 0 0 1 129 0 0 0 0 0 0 1 55 0 0 0 0 0 0 0 0 0 0 0 0 0 0 0 0 0 0 0 0 0 0 0 0 0 0 0 0 0 0 1 68 0 0 0 0 0 0 0 0 0 0 0 0 1 129 0 0 0 0 0 0 0 0 0 0 0 0 1 48 0 0 0 0 0 0 1 129 0 0 0 0 0 0 1 129 0 0 1 64 0 0 0 0 0 0 1 34 1 129 0 0 0 0 1 129 1 52 0 0 0 0 0 0 0 0 1 129 0 0 0 0 0 0 1 32 0 0 1 62 0 0 0 0 0 0 1 41 0 0 0 0 0 0 0 0 1 129 0 0 0 0 0 0 1 43 1 20 0 0 0 0 0 0 0 0 0 0 0 0 0 0 0 0 0 0 
0 0 0 0 1 129 0 0 0 0 1 129 0 0 0 0 1 54 1 27 0 0 1 36 1 24 0 0 0 0 1 129 1 32 1 129 1 39 0 0 0 0 1 129 1 129 0 0 1 33 0 0 0 0 0 0 0 0 0 0 1 129 0 0 1 32 0 0 1 47 1 48 0 0 0 0 0 0 1 129 1 48 0 0 1 53 0 0 0 0 1 129 0 0 0 0 0 0 0 0 0 0 1 54 0 0 0 0 1 26 0 0 1 129 1 36 0 0 0 0 0 0 0 0 0 0 0 0 0 0 0 0 1 129 0 0 0 0 0 0 0 0 0 0 0 0 0 0 0 0 0 0 0 0 1 129 0 0 0 0 0 0 0 0 0 0 0 0 1 56 0 0 0 0 0 0 0 0 0 0 0 0 0 0 1 28 1 70 1 129 0 0 0 0 0 0 0 0 0 0 1 129 1 129 0 0 0 0 0 0 1 129 0 0 0 0 0 0 0 0 0 0 1 129 0 0 0 0 1 129 1 20 0 0 1 129 0 0 1 129 0 0 0 0 0 0 0 0 0 0 0 0 0 0 0 0 0 0 
0 0 0 0 0 0 0 0 1 129 0 0 1 25 1 34 1 129 1 43 0 0 0 0 1 56 0 0 0 0 0 0 0 0 0 0 1 35 0 0 0 0 0 0 0 0 0 0 0 0 1 28 0 0 0 0 0 0 0 0 1 129 0 0 0 0 0 0 0 0 1 43 0 0 0 0 1 24 0 0 0 0 0 0 0 0 0 0 1 129 0 0 1 129 0 0 0 0 0 0 1 129 0 0 0 0 0 0 0 0 1 26 0 0 0 0 0 0 0 0 1 26 0 0 0 0 0 0 1 129 0 0 0 0 0 0 1 129 0 0 0 0 0 0 1 35 0 0 0 0 0 0 0 0 1 129 0 0 0 0 0 0 0 0 0 0 0 0 0 0 0 0 0 0 0 0 0 0 0 0 1 129 1 72 1 129 0 0 1 129 0 0 0 0 0 0 0 0 1 67 1 129 1 129 0 0 0 0 0 0 0 0 0 0 1 70 1 129 1 129 0 0 0 0 1 129 0 0 1 129 0 0 0 0 0 0 0 0 0 0 1 60 0 0 1 129 1 36 0 0 0 0 1 129 1 129 0 0 
1 56 0 0 0 0 0 0 0 0 0 0 1 61 0 0 1 129 0 0 1 29 0 0 0 0 0 0 0 0 0 0 0 0 0 0 0 0 0 0 0 0 0 0 0 0 0 0 0 0 1 129 0 0 0 0 0 0 0 0 0 0 0 0 1 47 0 0 0 0 0 0 0 0 0 0 0 0 0 0 0 0 1 129 0 0 1 129 0 0 1 48 0 0 0 0 0 0 0 0 1 129 0 0 0 0 0 0 0 0 1 129 0 0 0 0 1 24 0 0 1 69 0 0 0 0 0 0 0 0 1 129 0 0 0 0 1 129 0 0 0 0 0 0 0 0 0 0 0 0 0 0 0 0 1 129 0 0 1 24 0 0 0 0 1 129 1 42 0 0 0 0 0 0 0 0 0 0 1 129 0 0 1 28 0 0 0 0 0 0 1 129 0 0 0 0 0 0 1 129 0 0 0 0 1 129 0 0 0 0 0 0 0 0 0 0 0 0 0 0 1 41 0 0 0 0 0 0 0 0 0 0 0 0 0 0 0 0 1 129 0 0 0 0 0 0 0 0 0 0 1 52 0 0 0 0 0 0 
11880